152,57
152,56
152,55
152,54
152,53
152,52
152,51
152,50
152,49
152,48
152,47
152,46
152,45
152,44
152,43
152,42
152,41
152,40
152,39
152,38
152,37
152,36
152,35
140,1
140,3
138,1
138,3
14,7
144,5
144,3
0,273
0,270
3,2
3,1
3,3
10,158
10,4
10,258
10,100
10,246
10,264
10,30
10,1
10,32
10,2
10,3
11,5
11,6
11,16
11,4
11,8
11,25
11,1
11,18
11,2
11,3
9,7
9,6
8,4
19,2
19,1
19,3
148,38
148,37
148,36
148,35
148,34
148,33
148,32
148,31
148,30
148,29
148,28
148,27
148,26
148,25
148,24
148,23
148,22
148,21
148,20
148,19
148,18
148,17
148,16
148,15
148,14
148,13
148,12
148,11
148,10
148,9
148,8
148,7
148,6
148,5
148,4
148,3
148,2
148,1
148,0
147,4
147,3
147,2
147,1
147,0
146,4
146,3
146,2
146,1
146,0
145,4
145,3
145,2
145,1
145,0
144,87
144,86
144,85
144,84
144,83
144,82
144,81
144,80
144,79
144,78
144,77
144,76
144,75
144,74
144,73
144,72
144,71
144,70
144,69
144,68
144,67
144,66
144,65
144,64
144,52
144,51
144,50
144,49
144,48
144,47
144,46
144,45
